16.267142295837402
16.253052234649658
16.253111362457275
16.25310778617859
16.253164052963257
16.25300621986389
16.25278401374817
16.273876190185547
16.267179489135742
16.265174627304077
16.26729989051819
16.252697706222534
16.26711916923523
16.25312376022339
16.251178979873657
16.252756118774414
16.25314235687256
16.251158952713013
16.266923666000366
16.25302767753601
16.26526975631714
16.2527756690979
16.253066062927246
16.253201484680176
16.251234531402588
16.253158807754517
16.253162622451782
16.25302743911743
16.252957820892334
16.252787828445435
16.253127574920654
16.25272011756897
16.253110647201538
16.253146171569824
16.25128149986267
16.25274658203125
16.258644580841064
16.253127336502075
16.251153230667114
16.2525475025177
16.253074169158936
16.25305485725403
16.25315499305725
16.25281023979187
16.252329349517822
16.25299596786499
16.25096368789673
16.253117322921753
16.252697944641113
16.253143310546875
16.25282049179077
16.251155138015747
16.252763748168945
16.25311040878296
16.253119230270386
16.253891706466675
16.25368857383728
16.253989934921265
16.252734184265137
16.262792110443115
16.27021551132202
16.25388765335083
16.251935482025146
16.26326870918274
16.253820419311523
16.253832817077637
16.259626388549805
16.253215551376343
16.25962209701538
16.24534583091736
16.253589630126953
16.253530979156494
16.263015270233154
16.25123405456543
16.25285840034485
16.267579555511475
16.244829177856445
16.244765281677246
16.252800464630127
16.25968861579895
16.253244638442993
16.25311279296875
16.25321364402771
16.25307822227478
16.252975463867188
16.25928235054016
16.252544403076172
16.25314974784851
16.251302480697632
16.259352684020996
16.245348691940308
16.253201246261597
16.25760531425476
16.252837657928467
16.252749919891357
16.259553909301758
16.253089904785156
16.252930164337158
16.255247354507446
16.259507417678833
16.251118183135986
16.25302815437317
16.25921392440796
16.253167629241943
16.253267526626587
16.25315523147583
16.25403904914856
16.25295901298523
16.252816915512085
16.25325083732605
16.25302815437317
16.251232862472534
16.252734661102295
16.253105878829956
16.25308108329773
16.251158237457275
16.253164291381836
16.251108169555664
16.25276756286621
16.253106832504272
16.253070831298828
16.252771377563477
16.26919674873352
16.25955843925476
16.26197361946106
16.254016160964966
16.25801157951355
16.25801157951355
